0 323 429 259 304 457 266 272 418 260 292 285 445 487 246 229 407 266 277 271 404 262 202 228 325 238 304 254 282 260 408 368 271 276 266 384 266 274 252 276 232 492 224 232 357 283 247 370 266 182 297 247 347 322 392 415 443 384 251 272 256 265 331 251 383 350 365 251 257 253 401 270 338 252 371 375 266 248 291 352 319 409 268 270 252 288 272 273 472 319 395 225 275 354 227 212 264 270 365 411 227 191 186 278 235 274 249 245 364 305 243 256 385 251 360 268 268 251 433 257 483 213 441 351 280 310 264 275 318 406 355 377 250 251 212 284 377 195 337 373 259 267 373 283 333 268 288 270 263 247 293 333 261 297 269 288 264 379 298 335 334 273 265 265 256 239 252 185 250 251 274 383 396 343 395 219 408 274 284 155 289 338 342 349 279 354 271 188 329 371 252 270 263 263 269 384 169 248 281 256 358 352 244 289 276 274 362 168 386 249 382 270 296 249 378 142 259 439 227 378 299 355 299 319 267 255 178 281 285 386 264 285 286 213 242 249 178 208 320 274 343 269 272 385 353 197 384 305 208 232 
323 0 380 322 367 520 329 329 369 317 243 236 508 550 309 292 470 329 340 334 467 325 257 233 388 301 367 317 233 309 359 319 334 339 329 335 329 337 315 339 295 555 175 295 308 346 198 433 329 245 248 202 410 385 455 478 506 335 312 335 319 328 334 206 446 301 428 202 320 314 352 333 401 311 424 438 329 311 242 415 270 360 331 333 315 291 335 330 535 382 346 288 338 417 178 199 327 333 428 406 204 238 249 341 186 337 312 308 427 256 296 319 448 202 333 331 331 314 496 310 546 164 504 302 343 373 327 338 269 469 418 328 313 202 275 347 440 258 288 436 322 330 338 346 344 331 279 333 294 306 244 364 324 360 332 351 327 442 361 286 397 336 326 328 319 302 315 212 201 306 225 334 347 406 458 264 471 337 347 174 352 401 293 412 342 417 334 251 280 398 315 333 326 214 332 447 198 311 344 319 349 415 195 240 339 319 313 231 341 312 445 333 359 312 441 205 322 390 290 441 362 418 250 382 330 318 241 344 348 337 327 236 237 276 193 312 241 195 271 337 406 332 335 448 304 260 447 342 197 295 
429 380 0 428 473 626 435 435 387 423 281 316 614 656 415 398 576 435 446 440 573 431 363 339 494 407 473 423 305 415 441 337 440 445 435 405 435 443 421 445 401 661 219 401 382 452 300 539 435 351 336 308 516 491 561 584 612 369 418 441 425 434 440 312 552 359 534 302 426 420 370 439 507 417 530 544 435 417 348 521 364 378 437 439 421 397 441 436 641 488 430 394 444 523 202 305 433 439 534 512 310 344 355 447 204 443 418 414 533 294 402 425 554 300 439 437 437 420 602 416 652 254 610 390 449 479 433 444 331 575 524 360 419 220 381 453 546 364 344 542 428 436 444 452 450 437 385 439 400 412 348 470 430 466 438 457 433 548 467 358 503 442 432 434 425 408 421 318 247 412 325 406 407 512 564 370 577 443 453 280 458 507 383 518 448 523 440 357 374 504 421 439 432 252 438 553 304 417 450 425 455 521 279 276 445 425 411 337 447 418 551 439 465 418 547 311 428 408 396 547 468 524 276 488 436 424 347 450 454 355 433 254 255 382 263 418 347 301 367 443 512 438 441 554 322 366 553 448 303 401 
259 322 428 0 269 422 231 271 417 259 291 284 410 452 241 194 372 247 248 246 369 227 201 227 290 203 269 247 281 259 407 367 250 249 237 383 249 249 249 257 197 457 223 197 356 248 246 335 253 151 296 246 312 287 357 380 408 383 250 237 253 230 330 250 348 349 330 250 250 252 400 251 303 251 370 340 245 213 290 317 318 408 233 265 227 287 245 272 437 284 394 190 240 319 226 211 229 235 330 410 226 190 151 243 234 261 246 210 329 304 242 239 350 250 359 233 235 246 398 256 448 212 406 350 245 275 249 252 317 371 320 376 243 250 177 249 350 180 336 338 254 240 372 248 332 257 287 235 262 246 292 332 248 262 264 253 253 344 263 334 299 250 264 234 251 204 245 184 249 250 273 382 395 308 360 218 373 267 249 154 254 303 341 314 244 319 236 153 328 370 239 255 248 262 256 349 168 241 246 227 357 317 243 288 241 273 361 133 385 214 347 249 275 240 363 117 250 438 192 375 264 320 298 284 256 244 149 246 250 385 251 284 285 178 241 248 143 207 319 239 308 248 261 366 352 162 349 304 207 197 
304 367 473 269 0 409 218 316 462 304 336 329 397 439 286 181 359 292 293 291 390 266 246 272 277 190 256 292 326 304 452 412 295 294 282 428 294 294 294 302 184 444 268 184 401 289 291 322 298 196 341 291 299 274 380 367 395 428 295 274 298 267 375 295 335 394 317 295 295 297 445 296 292 296 415 327 290 200 335 304 363 453 276 310 272 332 290 317 424 277 439 177 227 306 271 256 216 222 351 455 271 235 138 280 279 306 291 197 316 349 287 284 385 295 404 274 280 291 385 301 435 257 393 395 232 310 294 297 362 376 317 421 288 295 164 286 395 225 381 325 299 285 417 291 377 302 332 222 307 291 337 377 293 289 309 298 298 385 300 379 286 295 309 279 296 191 290 229 294 295 318 427 440 295 347 263 360 312 236 199 241 290 386 355 231 306 275 158 373 415 284 300 293 307 301 360 213 286 269 272 402 312 288 333 228 318 406 164 430 257 334 294 320 285 408 162 295 483 179 420 251 307 343 271 301 289 194 277 247 430 296 329 330 165 286 293 144 252 364 282 295 293 306 411 397 175 342 349 252 184 
457 520 626 422 409 0 347 469 615 457 489 482 440 482 439 250 470 445 446 444 543 419 399 425 420 311 371 445 479 457 605 565 448 447 435 581 447 447 447 455 253 487 421 283 554 442 444 441 451 349 494 444 384 317 533 410 450 581 448 427 451 420 528 448 378 547 360 448 448 450 598 449 445 449 568 376 443 243 488 347 516 606 429 463 425 485 443 470 467 430 592 238 284 363 424 409 267 317 504 608 424 388 271 433 432 459 444 316 359 502 440 437 538 448 557 427 433 444 468 454 478 410 436 548 333 463 447 450 515 529 470 574 441 448 269 439 548 378 534 368 452 438 570 444 530 455 485 331 460 444 490 530 446 442 462 451 451 538 453 532 375 448 462 432 449 276 443 382 447 448 471 580 593 350 454 416 411 465 287 352 388 353 539 508 274 395 428 311 526 568 437 453 446 460 454 513 366 439 422 425 555 465 441 486 339 471 559 317 583 410 381 447 473 438 561 315 448 636 246 573 330 358 496 336 454 442 347 430 400 583 449 482 483 304 439 446 297 405 517 435 370 446 459 564 550 328 495 502 405 235 
266 329 435 231 218 347 0 278 424 266 298 291 335 377 248 119 297 254 255 253 352 228 208 234 229 128 194 254 288 266 414 374 257 256 244 390 256 256 256 264 122 382 230 122 363 251 253 260 260 158 303 253 237 212 342 305 333 390 257 236 260 229 337 257 273 356 255 257 257 259 407 258 254 258 377 265 252 138 297 242 325 415 238 272 234 294 252 279 362 239 401 115 165 244 233 218 154 160 313 417 233 197 80 242 241 268 253 135 254 311 249 246 347 257 366 236 242 253 323 263 373 219 331 357 170 272 256 259 324 338 279 383 250 257 102 248 357 187 343 263 261 247 379 253 339 264 294 160 269 253 299 339 255 251 271 260 260 347 262 341 224 257 271 241 258 129 252 191 256 257 280 389 402 233 285 225 298 274 174 161 197 228 348 317 169 244 237 120 335 377 246 262 255 269 263 322 175 248 231 234 364 274 250 295 166 280 368 126 392 219 272 256 282 247 370 124 257 445 117 382 189 245 305 209 263 251 156 239 209 392 258 291 292 113 248 255 106 214 326 244 233 255 268 373 359 137 304 311 214 122 
272 329 435 271 316 469 278 0 424 266 298 291 457 499 258 241 419 278 289 283 416 274 208 234 337 250 316 266 288 266 414 374 283 288 278 390 278 286 264 288 244 504 230 244 363 295 253 382 278 194 303 253 359 334 404 427 455 390 261 284 268 277 337 257 395 356 377 257 269 263 407 282 350 260 377 387 278 260 297 364 325 415 280 282 264 294 284 279 484 331 401 237 287 366 233 218 276 282 377 417 233 197 198 290 241 286 261 257 376 311 249 268 397 257 366 280 280 263 445 263 495 219 453 357 292 322 276 287 324 418 367 383 262 257 224 296 389 207 343 385 271 279 379 295 339 280 294 282 269 255 299 339 273 309 281 300 276 391 310 341 346 285 275 277 268 251 264 191 256 257 280 389 402 355 407 225 420 286 296 161 301 350 348 361 291 366 283 200 335 377 264 282 275 269 281 396 175 260 293 268 364 364 250 295 288 280 368 180 392 261 394 282 308 261 390 154 271 445 239 390 311 367 305 331 279 267 190 293 297 392 276 291 292 225 248 261 190 214 326 286 355 281 284 397 359 209 396 311 214 244 
418 369 387 417 462 615 424 424 0 412 270 305 603 645 404 387 565 424 435 429 562 420 352 328 483 396 462 412 294 404 430 310 429 434 424 394 424 432 410 434 390 650 208 390 371 441 289 528 424 340 325 297 505 480 550 573 601 358 407 430 414 423 429 301 541 348 523 291 415 409 335 428 496 406 519 533 424 406 337 510 353 341 426 428 410 386 430 425 630 477 419 383 433 512 191 294 422 428 523 501 299 333 344 436 189 432 407 403 522 283 391 414 543 289 428 426 426 409 591 405 641 243 599 379 438 468 422 433 320 564 513 349 408 187 370 442 535 353 333 531 417 425 433 441 439 426 374 428 389 401 337 459 419 455 427 446 422 537 456 347 492 431 421 423 414 397 410 307 236 401 314 395 396 501 553 359 566 432 442 269 447 496 372 507 437 512 429 346 363 493 410 428 421 241 427 542 293 406 439 414 444 510 268 265 434 414 400 326 436 407 540 428 454 407 536 300 417 371 385 536 457 513 265 477 425 413 336 439 443 344 422 237 218 371 252 407 336 290 356 432 501 427 430 543 305 355 542 437 292 390 
260 317 423 259 304 457 266 266 412 0 286 279 445 487 246 229 407 266 277 271 404 262 196 222 325 238 304 254 276 254 402 362 271 276 266 378 266 274 252 276 232 492 218 232 351 283 241 370 266 182 291 241 347 322 392 415 443 378 249 272 256 265 325 245 383 344 365 245 257 251 395 270 338 248 365 375 266 248 285 352 313 403 268 270 252 282 272 267 472 319 389 225 275 354 221 206 264 270 365 405 221 185 186 278 229 274 249 245 364 299 237 256 385 245 354 268 268 251 433 251 483 207 441 345 280 310 264 275 312 406 355 371 250 245 212 284 377 195 331 373 259 267 367 283 327 268 282 270 257 243 287 327 261 297 269 288 264 379 298 329 334 273 263 265 256 239 252 179 244 245 268 377 390 343 395 213 408 274 284 149 289 338 336 349 279 354 271 188 323 365 252 270 263 257 269 384 163 248 281 256 352 352 238 283 276 268 356 168 380 249 382 270 296 249 378 142 259 433 227 378 299 355 293 319 267 255 178 281 285 380 264 279 280 213 236 249 178 202 314 274 343 269 272 385 347 197 384 299 202 232 
292 243 281 291 336 489 298 298 270 286 0 179 477 519 278 261 439 298 309 303 436 294 226 202 357 270 336 286 168 278 304 220 303 308 298 268 298 306 284 308 264 524 82 264 245 315 163 402 298 214 199 171 379 354 424 447 475 236 281 304 288 297 303 175 415 222 397 165 289 283 253 302 370 280 393 407 298 280 211 384 227 261 300 302 284 260 304 299 504 351 293 257 307 386 79 168 296 302 397 375 173 207 218 310 87 306 281 277 396 157 265 288 417 163 302 300 300 283 465 279 515 117 473 253 312 342 296 307 194 438 387 229 282 103 244 316 409 227 207 405 291 299 307 315 313 300 248 302 263 275 211 333 293 329 301 320 296 411 330 221 366 305 295 297 288 271 284 181 110 275 188 269 270 375 427 233 440 306 316 143 321 370 246 381 311 386 303 220 237 367 284 302 295 115 301 416 167 280 313 288 318 384 142 141 308 288 274 200 310 281 414 302 328 281 410 174 291 291 259 410 331 387 151 351 299 287 210 313 317 238 296 137 138 245 126 281 210 164 230 306 375 301 304 417 205 229 416 311 166 264 
285 236 316 284 329 482 291 291 305 279 179 0 470 512 271 254 432 291 302 296 429 287 219 195 350 263 329 279 169 271 297 255 296 301 291 271 291 299 277 301 257 517 111 257 244 308 156 395 291 207 192 164 372 347 417 440 468 271 274 297 281 290 296 168 408 237 390 158 282 276 288 295 363 273 386 400 291 273 204 377 220 296 293 295 277 253 297 292 497 344 286 250 300 379 114 161 289 295 390 368 166 200 211 303 122 299 274 270 389 192 258 281 410 156 295 293 293 276 458 272 508 110 466 246 305 335 289 300 205 431 380 264 275 138 237 309 402 220 224 398 284 292 300 308 306 293 241 295 256 268 204 326 286 322 294 313 289 404 323 222 359 298 288 290 281 264 277 174 137 268 181 270 283 368 420 226 433 299 309 136 314 363 239 374 304 379 296 213 230 360 277 295 288 150 294 409 160 273 306 281 311 377 135 176 301 281 267 193 303 274 407 295 321 274 403 167 284 326 252 403 324 380 186 344 292 280 203 306 310 273 289 172 173 238 129 274 203 157 223 299 368 294 297 410 240 222 409 304 159 257 
445 508 614 410 397 440 335 457 603 445 477 470 0 442 427 238 458 433 434 432 531 407 387 413 408 299 359 433 467 445 593 553 436 435 423 569 435 435 435 443 241 427 409 271 542 430 432 429 439 337 482 432 372 275 521 368 438 569 436 415 439 408 516 436 326 535 336 436 436 438 586 437 433 437 556 364 431 205 476 287 504 594 417 451 413 473 431 458 455 418 580 226 272 351 412 397 255 305 492 596 412 376 259 421 420 447 432 304 305 490 428 425 526 436 545 415 421 432 456 442 442 398 396 536 321 451 435 438 503 517 458 562 429 436 257 427 536 366 522 314 440 426 558 432 518 443 473 319 448 432 478 518 434 430 450 439 439 526 441 520 363 436 450 420 437 264 431 370 435 436 459 568 581 338 442 404 399 453 275 340 376 341 527 496 244 383 416 299 514 556 425 441 434 448 442 501 354 427 410 413 543 453 429 474 327 459 547 305 571 398 369 435 461 426 549 303 436 624 234 561 318 346 484 324 442 430 335 418 388 571 437 470 471 292 427 434 285 393 505 423 358 434 447 552 538 316 483 490 393 223 
487 550 656 452 439 482 377 499 645 487 519 512 442 0 469 280 500 475 476 474 573 449 429 455 450 341 401 475 509 487 635 595 478 477 465 611 477 477 477 485 283 489 451 313 584 472 474 471 481 379 524 474 414 319 563 412 480 611 478 457 481 450 558 478 380 577 378 478 478 480 628 479 475 479 598 406 473 247 518 349 546 636 459 493 455 515 473 500 497 460 622 268 314 393 454 439 297 347 534 638 454 418 301 463 462 489 474 346 361 532 470 467 568 478 587 457 463 474 498 484 484 440 438 578 363 493 477 480 545 559 500 604 471 478 299 469 578 408 564 370 482 468 600 474 560 485 515 361 490 474 520 560 476 472 492 481 481 568 483 562 405 478 492 462 479 306 473 412 477 478 501 610 623 380 484 446 441 495 317 382 418 383 569 538 286 425 458 341 556 598 467 483 476 490 484 543 396 469 452 455 585 495 471 516 369 501 589 347 613 440 411 477 503 468 591 345 478 666 276 603 360 388 526 366 484 472 377 460 430 613 479 512 513 334 469 476 327 435 547 465 400 476 489 594 580 358 525 532 435 265 
246 309 415 241 286 439 248 258 404 246 278 271 427 469 0 211 389 248 259 253 386 244 188 214 307 220 286 236 268 246 394 354 253 258 248 370 248 256 236 258 214 474 210 214 343 265 233 352 248 164 283 233 329 304 374 397 425 370 237 254 240 247 317 237 365 336 347 237 239 239 387 252 320 238 357 357 248 230 277 334 305 395 250 252 234 274 254 259 454 301 381 207 257 336 213 198 246 252 347 397 213 177 168 260 221 256 233 227 346 291 229 238 367 237 346 250 250 233 415 243 465 199 423 337 262 292 246 257 304 388 337 363 232 237 194 266 359 177 323 355 241 249 359 265 319 250 274 252 249 233 279 319 243 279 251 270 246 361 280 321 316 255 251 247 238 221 234 171 236 237 260 369 382 325 377 205 390 256 266 141 271 320 328 331 261 336 253 170 315 357 234 252 245 249 251 366 155 230 263 238 344 334 230 275 258 260 348 150 372 231 364 252 278 231 360 124 241 425 209 362 281 337 285 301 249 237 160 263 267 372 246 271 272 195 228 235 160 194 306 256 325 251 254 367 339 179 366 291 194 214 
229 292 398 194 181 250 119 241 387 229 261 254 238 280 211 0 242 217 218 216 315 191 171 197 192 83 143 217 251 229 377 337 220 219 207 353 219 219 219 227 25 285 193 55 326 214 216 213 223 121 266 216 156 115 305 208 236 353 220 199 223 192 300 220 176 319 158 220 220 222 370 221 217 221 340 168 215 41 260 145 288 378 201 235 197 257 215 242 265 202 364 18 68 147 196 181 57 89 276 380 196 160 43 205 204 231 216 88 157 274 212 209 310 220 329 199 205 216 240 226 276 182 234 320 105 235 219 222 287 301 242 346 213 220 41 211 320 150 306 166 224 210 342 216 302 227 257 103 232 216 262 302 218 214 234 223 223 310 225 304 147 220 234 204 221 48 215 154 219 220 243 352 365 136 226 188 201 237 77 124 160 131 311 280 72 167 200 83 298 340 209 225 218 232 226 285 138 211 194 197 327 237 213 258 111 243 331 89 355 182 175 219 245 210 333 87 220 408 20 345 102 148 268 112 226 214 119 202 172 355 221 254 255 76 211 218 69 177 289 207 142 218 231 336 322 100 267 274 177 25 
407 470 576 372 359 470 297 419 565 407 439 432 458 500 389 242 0 395 396 394 493 369 349 375 370 261 321 395 429 407 555 515 398 397 385 531 397 397 397 405 245 505 371 245 504 392 394 391 401 299 444 394 360 335 483 428 456 531 398 377 401 370 478 398 396 497 378 398 398 400 548 399 395 399 518 388 393 261 438 365 466 556 379 413 375 435 393 420 485 380 542 238 288 367 374 359 277 283 454 558 374 338 221 383 382 409 394 266 377 452 390 387 488 398 507 377 383 394 446 404 496 360 454 498 293 413 397 400 465 479 420 524 391 398 225 389 498 328 484 386 402 388 520 394 480 405 435 283 410 394 440 480 396 392 412 401 401 488 403 482 347 398 412 382 399 252 393 332 397 398 421 530 543 356 408 366 421 415 297 302 338 351 489 458 292 367 378 261 476 518 387 403 396 410 404 463 316 389 372 375 505 415 391 436 289 421 509 267 533 360 395 397 423 388 511 265 398 586 240 523 312 368 446 332 404 392 297 380 350 533 399 432 433 254 389 396 247 355 467 385 356 396 409 514 500 278 445 452 355 245 
266 329 435 247 292 445 254 278 424 266 298 291 433 475 248 217 395 0 265 259 392 250 208 234 313 226 292 254 288 266 414 374 259 264 254 390 256 262 256 264 220 480 230 220 363 271 253 358 260 170 303 253 335 310 380 403 431 390 257 260 260 253 337 257 371 356 353 257 257 259 407 258 326 258 377 363 254 236 297 340 325 415 256 272 240 294 260 279 460 307 401 213 263 342 233 218 252 258 353 417 233 197 174 266 241 268 253 233 352 311 249 246 373 257 366 256 256 253 421 263 471 219 429 357 268 298 256 263 324 394 343 383 250 257 200 272 365 187 343 361 261 255 379 271 339 264 294 258 269 253 299 339 255 285 271 276 260 367 286 341 322 261 271 253 258 227 252 191 256 257 280 389 402 331 383 225 396 274 272 161 277 326 348 337 267 342 259 176 335 377 246 262 255 269 263 372 175 248 269 244 364 340 250 295 264 280 368 156 392 237 370 258 284 247 370 130 257 445 215 382 287 343 305 307 263 251 166 269 273 392 258 291 292 201 248 255 166 214 326 262 331 257 268 373 359 185 372 311 214 220 
277 340 446 248 293 446 255 289 435 277 309 302 434 476 259 218 396 265 0 264 393 251 219 245 314 227 293 265 299 277 425 385 268 267 255 401 267 267 267 275 221 481 241 221 374 272 264 359 271 171 314 264 336 311 381 404 432 401 268 261 271 254 348 268 372 367 354 268 268 270 418 269 327 269 388 364 263 237 308 341 336 426 257 283 245 305 263 290 461 308 412 214 264 343 244 229 253 259 354 428 244 208 175 267 252 279 264 234 353 322 260 257 374 268 377 257 257 264 422 274 472 230 430 368 269 299 267 270 335 395 344 394 261 268 201 273 368 198 354 362 272 258 390 272 350 275 305 259 280 264 310 350 266 286 282 277 271 368 287 352 323 268 282 254 269 228 263 202 267 268 291 400 413 332 384 236 397 285 273 172 278 327 359 338 268 343 260 177 346 388 257 273 266 280 274 373 186 259 270 245 375 341 261 306 265 291 379 157 403 238 371 267 293 258 381 135 268 456 216 393 288 344 316 308 274 262 167 270 274 403 269 302 303 202 259 266 167 225 337 263 332 266 279 384 370 186 373 322 225 221 
271 334 440 246 291 444 253 283 429 271 303 296 432 474 253 216 394 259 264 0 391 249 213 239 312 225 291 259 293 271 419 379 262 263 253 395 261 261 261 269 219 479 235 219 368 270 258 357 265 169 308 258 334 309 379 402 430 395 262 259 265 252 342 262 370 361 352 262 262 264 412 263 325 263 382 362 257 235 302 339 330 420 255 277 239 299 259 284 459 306 406 212 262 341 238 223 251 257 352 422 238 202 173 265 246 273 258 232 351 316 254 251 372 262 371 255 255 258 420 268 470 224 428 362 267 297 261 264 329 393 342 388 255 262 199 271 364 192 348 360 266 254 384 270 344 269 299 257 274 258 304 344 260 284 276 275 265 366 285 346 321 262 276 252 263 226 257 196 261 262 285 394 407 330 382 230 395 279 271 166 276 325 353 336 266 341 258 175 340 382 251 267 260 274 268 371 180 253 268 243 369 339 255 300 263 285 373 155 397 236 369 261 287 252 375 129 262 450 214 387 286 342 310 306 268 256 165 268 272 397 263 296 297 200 253 260 165 219 331 261 330 260 273 378 364 184 371 316 219 219 
404 467 573 369 390 543 352 416 562 404 436 429 531 573 386 315 493 392 393 391 0 366 346 372 411 324 390 392 426 404 552 512 395 394 382 528 394 394 394 402 318 578 368 318 501 389 391 456 398 296 441 391 433 408 480 501 529 528 395 374 398 367 475 395 469 494 451 395 395 397 545 396 424 396 515 461 390 334 435 438 463 553 376 410 372 432 390 417 558 405 539 311 361 440 371 356 350 356 451 555 371 335 272 380 379 406 391 331 450 449 387 384 485 395 504 374 380 391 519 401 569 357 527 495 366 410 394 397 462 492 441 521 388 395 298 386 495 325 481 459 399 385 517 391 477 402 432 356 407 391 437 477 393 389 409 398 398 485 400 479 420 395 409 379 396 325 390 329 394 395 418 527 540 429 481 363 494 412 370 299 375 424 486 455 365 440 375 274 473 515 384 400 393 407 401 470 313 386 369 372 502 438 388 433 362 418 506 264 530 357 468 394 420 385 508 262 395 583 313 520 385 441 443 405 401 389 294 377 371 530 396 429 430 299 386 393 264 352 464 382 429 393 406 511 497 283 470 449 352 318 
262 325 431 227 266 419 228 274 420 262 294 287 407 449 244 191 369 250 251 249 366 0 204 230 287 200 266 250 284 262 410 370 253 252 240 386 252 252 252 260 194 454 226 194 359 247 249 332 256 154 299 249 309 284 354 377 405 386 253 234 256 227 333 253 345 352 327 253 253 255 403 254 300 254 373 337 248 210 293 314 321 411 234 268 230 290 248 275 434 281 397 187 237 316 229 214 226 232 327 413 229 193 148 240 237 264 249 207 326 307 245 242 347 253 362 232 238 249 395 259 445 215 403 353 242 272 252 255 320 368 317 379 246 253 174 246 353 183 339 335 257 243 375 249 335 260 290 232 265 249 295 335 251 259 267 256 256 343 260 337 296 253 267 237 254 201 248 187 252 253 276 385 398 305 357 221 370 270 246 157 251 300 344 313 241 316 233 150 331 373 242 258 251 265 259 346 171 244 243 230 360 314 246 291 238 276 364 130 388 215 344 252 278 243 366 120 253 441 189 378 261 317 301 281 259 247 152 243 247 388 254 287 288 175 244 251 140 210 322 240 305 251 264 369 355 159 346 307 210 194 
202 257 363 201 246 399 208 208 352 196 226 219 387 429 188 171 349 208 219 213 346 204 0 162 267 180 246 196 216 194 342 302 213 218 208 318 208 216 194 218 174 434 158 174 291 225 181 312 208 124 231 181 289 264 334 357 385 318 191 214 198 207 265 185 325 284 307 185 199 193 335 212 280 190 305 317 208 190 225 294 253 343 210 212 194 222 214 209 414 261 329 167 217 296 161 146 206 212 307 345 161 125 128 220 169 216 191 187 306 239 177 198 327 185 294 210 210 193 375 191 425 147 383 285 222 252 206 217 252 348 297 311 192 185 154 226 319 137 271 315 201 209 307 225 267 210 222 212 197 185 227 267 203 239 211 230 206 321 240 269 276 215 205 207 198 181 194 119 184 185 208 317 330 285 337 153 350 216 226 89 231 280 276 291 221 296 213 130 263 305 194 212 205 197 211 326 103 190 223 198 292 294 178 223 218 208 296 110 320 191 324 212 238 191 320 84 201 373 169 320 241 297 233 261 209 197 120 223 227 320 206 219 220 155 176 191 120 142 254 216 285 211 214 327 287 139 326 239 142 174 
228 233 339 227 272 425 234 234 328 222 202 195 413 455 214 197 375 234 245 239 372 230 162 0 293 206 272 222 192 214 318 278 239 244 234 294 234 242 220 244 200 460 134 200 267 251 157 338 234 150 207 157 315 290 360 383 411 294 217 240 224 233 241 161 351 260 333 161 225 219 311 238 306 216 329 343 234 216 201 320 229 319 236 238 220 198 240 235 440 287 305 193 243 322 137 122 232 238 333 321 137 143 154 246 145 242 217 213 332 215 201 224 353 161 270 236 236 219 401 215 451 123 409 261 248 278 232 243 228 374 323 287 218 161 180 252 345 163 247 341 227 235 283 251 249 236 198 238 199 211 203 269 229 265 237 256 232 347 266 245 302 241 231 233 224 207 220 117 160 211 184 293 306 311 363 169 376 242 252 79 257 306 252 317 247 322 239 156 239 303 220 238 231 173 237 352 103 216 249 224 268 320 154 199 244 224 272 136 296 217 350 238 264 217 346 110 227 349 195 346 267 323 209 287 235 223 146 249 253 296 232 195 196 181 152 217 146 118 230 242 311 237 240 353 263 165 352 247 118 200 
325 388 494 290 277 420 229 337 483 325 357 350 408 450 307 192 370 313 314 312 411 287 267 293 0 201 267 313 347 325 473 433 316 315 303 449 315 315 315 323 195 455 289 195 422 310 312 333 319 217 362 312 310 285 401 378 406 449 316 295 319 288 396 316 346 415 328 316 316 318 466 317 313 317 436 338 311 211 356 315 384 474 297 331 293 353 311 338 435 298 460 188 238 317 292 277 227 233 372 476 292 256 149 301 300 327 312 208 327 370 308 305 406 316 425 295 301 312 396 322 446 278 404 416 243 331 315 318 383 397 338 442 309 316 175 307 416 246 402 336 320 306 438 312 398 323 353 233 328 312 358 398 314 310 330 319 319 406 321 400 297 316 330 300 317 202 311 250 315 316 339 448 461 306 358 284 371 333 247 220 256 301 407 376 242 317 296 179 394 436 305 321 314 328 322 381 234 307 290 293 423 333 309 354 239 339 427 185 451 278 345 315 341 306 429 183 316 504 190 441 262 318 364 282 322 310 215 298 268 451 317 350 351 176 307 314 165 273 385 303 306 314 327 432 418 196 363 370 273 195 
238 301 407 203 190 311 128 250 396 238 270 263 299 341 220 83 261 226 227 225 324 200 180 206 201 0 158 226 260 238 386 346 229 228 216 362 228 228 228 236 86 346 202 86 335 223 225 224 232 130 275 225 201 176 314 269 297 362 229 208 232 201 309 229 237 328 219 229 229 231 379 230 226 230 349 229 224 102 269 206 297 387 210 244 206 266 224 251 326 211 373 79 129 208 205 190 118 124 285 389 205 169 52 214 213 240 225 99 218 283 221 218 319 229 338 208 214 225 287 235 337 191 295 329 134 244 228 231 296 310 251 355 222 229 66 220 329 159 315 227 233 219 351 225 311 236 266 124 241 225 271 311 227 223 243 232 232 319 234 313 188 229 243 213 230 93 224 163 228 229 252 361 374 197 249 197 262 246 138 133 169 192 320 289 133 208 209 92 307 349 218 234 227 241 235 294 147 220 203 206 336 246 222 267 130 252 340 98 364 191 236 228 254 219 342 96 229 417 81 354 153 209 277 173 235 223 128 211 181 364 230 263 264 85 220 227 78 186 298 216 197 227 240 345 331 109 276 283 186 86 
304 367 473 269 256 371 194 316 462 304 336 329 359 401 286 143 321 292 293 291 390 266 246 272 267 158 0 292 326 304 452 412 295 294 282 428 294 294 294 302 146 406 268 146 401 289 291 288 298 196 341 291 261 236 380 329 357 428 295 274 298 267 375 295 297 394 279 295 295 297 445 296 292 296 415 289 290 162 335 266 363 453 276 310 272 332 290 317 386 277 439 139 189 268 271 256 178 184 351 455 271 235 118 280 279 306 291 163 278 349 287 284 385 295 404 274 280 291 347 301 397 257 355 395 194 310 294 297 362 376 317 421 288 295 126 286 395 225 381 287 299 285 417 291 377 302 332 184 307 291 337 377 293 289 309 298 298 385 300 379 248 295 309 279 296 153 290 229 294 295 318 427 440 257 309 263 322 312 198 199 235 252 386 355 193 268 275 158 373 415 284 300 293 307 301 360 213 286 269 272 402 312 288 333 190 318 406 164 430 257 296 294 320 285 408 162 295 483 141 420 213 269 343 233 301 289 194 277 247 430 296 329 330 151 286 293 144 252 364 282 257 293 306 411 397 175 342 349 252 146 
254 317 423 247 292 445 254 266 412 254 286 279 433 475 236 217 395 254 265 259 392 250 196 222 313 226 292 0 276 254 402 362 259 264 254 378 254 262 244 264 220 480 218 220 351 271 241 358 254 170 291 241 335 310 380 403 431 378 245 260 248 253 325 245 371 344 353 245 245 247 395 258 326 246 365 363 254 236 285 340 313 403 256 260 240 282 260 267 460 307 389 213 263 342 221 206 252 258 353 405 221 185 174 266 229 262 241 233 352 299 237 244 373 245 354 256 256 241 421 251 471 207 429 345 268 298 252 263 312 394 343 371 238 245 200 272 365 183 331 361 249 255 367 271 327 256 282 258 257 241 287 327 249 285 259 276 252 367 286 329 322 261 259 253 246 227 240 179 244 245 268 377 390 331 383 213 396 262 272 149 277 326 336 337 267 342 259 176 323 365 240 258 251 257 257 372 163 236 269 244 352 340 238 283 264 268 356 156 380 237 370 258 284 237 366 130 247 433 215 370 287 343 293 307 255 243 166 269 273 380 252 279 280 201 236 243 166 202 314 262 331 257 260 373 347 185 372 299 202 220 
282 233 305 281 326 479 288 288 294 276 168 169 467 509 268 251 429 288 299 293 426 284 216 192 347 260 326 276 0 268 294 244 293 298 288 260 288 296 274 298 254 514 100 254 235 305 153 392 288 204 189 161 369 344 414 437 465 260 271 294 278 287 293 165 405 226 387 155 279 273 277 292 360 270 383 397 288 270 201 374 217 285 290 292 274 250 294 289 494 341 283 247 297 376 103 158 286 292 387 365 163 197 208 300 111 296 271 267 386 181 255 278 407 153 292 290 290 273 455 269 505 107 463 243 302 332 286 297 194 428 377 253 272 127 234 306 399 217 213 395 281 289 297 305 303 290 238 292 253 265 201 323 283 319 291 310 286 401 320 211 356 295 285 287 278 261 274 171 126 265 178 259 272 365 417 223 430 296 306 133 311 360 236 371 301 376 293 210 227 357 274 292 285 139 291 406 157 270 303 278 308 374 132 165 298 278 264 190 300 271 404 292 318 271 400 164 281 315 249 400 321 377 175 341 289 277 200 303 307 262 286 161 162 235 118 271 200 154 220 296 365 291 294 407 229 219 406 301 156 254 
260 309 415 259 304 457 266 266 404 254 278 271 445 487 246 229 407 266 277 271 404 262 194 214 325 238 304 254 268 0 394 354 271 276 266 370 266 274 252 276 232 492 210 232 343 283 233 370 266 182 283 233 347 322 392 415 443 370 249 272 256 265 317 237 383 336 365 237 257 251 387 270 338 248 361 375 266 248 277 352 305 395 268 270 252 274 272 267 472 319 381 225 275 354 213 198 264 270 365 397 213 177 186 278 221 274 249 245 364 291 233 256 385 237 346 268 268 251 433 247 483 199 441 337 280 310 264 275 304 406 355 363 250 237 212 284 377 195 323 373 259 267 359 283 319 268 274 270 249 243 279 319 261 297 269 288 264 379 298 321 334 273 263 265 256 239 252 171 236 243 260 369 382 343 395 205 408 274 284 141 289 338 328 349 279 354 271 188 315 357 252 270 263 249 269 384 155 248 281 256 344 352 230 275 276 260 348 168 372 249 382 270 296 249 378 142 259 425 227 378 299 355 285 319 267 255 178 281 285 372 264 271 272 213 228 249 178 194 306 274 343 269 272 385 339 197 384 291 194 232 
408 359 441 407 452 605 414 414 430 402 304 297 593 635 394 377 555 414 425 419 552 410 342 318 473 386 452 402 294 394 0 380 419 424 414 396 414 422 400 424 380 640 236 380 369 431 279 518 414 330 315 287 495 470 540 563 591 396 397 420 404 413 419 291 531 362 513 281 405 399 413 418 486 396 509 523 414 396 327 500 343 421 416 418 400 376 420 415 620 467 409 373 423 502 239 284 412 418 513 491 289 323 334 426 247 422 397 393 512 317 381 404 533 279 418 416 416 399 581 395 631 233 589 369 428 458 412 423 330 554 503 389 398 263 360 432 525 343 349 521 407 415 423 431 429 416 364 418 379 391 327 449 409 445 417 436 412 527 446 347 482 421 411 413 404 387 400 297 262 391 304 395 408 491 543 349 556 422 432 259 437 486 362 497 427 502 419 336 353 483 400 418 411 275 417 532 283 396 429 404 434 500 258 301 424 404 390 316 426 397 530 418 444 397 526 290 407 451 375 526 447 503 311 467 415 403 326 429 433 398 412 297 298 361 254 397 326 280 346 422 491 417 420 533 365 345 532 427 282 380 
368 319 337 367 412 565 374 374 310 362 220 255 553 595 354 337 515 374 385 379 512 370 302 278 433 346 412 362 244 354 380 0 379 384 374 344 374 382 360 384 340 600 158 340 321 391 239 478 374 290 275 247 455 430 500 523 551 308 357 380 364 373 379 251 491 298 473 241 365 359 293 378 446 356 469 483 374 356 287 460 303 301 376 378 360 336 380 375 580 427 369 333 383 462 141 244 372 378 473 451 249 283 294 386 139 382 357 353 472 233 341 364 493 239 378 376 376 359 541 355 591 193 549 329 388 418 372 383 270 514 463 299 358 143 320 392 485 303 283 481 367 375 383 391 389 376 324 378 339 351 287 409 369 405 377 396 372 487 406 297 442 381 371 373 364 347 360 257 186 351 264 345 346 451 503 309 516 382 392 219 397 446 322 457 387 462 379 296 313 443 360 378 371 191 377 492 243 356 389 364 394 460 218 215 384 364 350 276 386 357 490 378 404 357 486 250 367 331 335 486 407 463 215 427 375 363 286 389 393 294 372 187 178 321 202 357 286 240 306 382 451 377 380 493 255 305 492 387 242 340 
271 334 440 250 295 448 257 283 429 271 303 296 436 478 253 220 398 259 268 262 395 253 213 239 316 229 295 259 293 271 419 379 0 267 257 395 261 265 261 269 223 483 235 223 368 274 258 361 265 173 308 258 338 313 383 406 434 395 262 263 265 256 342 262 374 361 356 262 262 264 412 263 329 263 382 366 257 239 302 343 330 420 259 277 243 299 263 284 463 310 406 216 266 345 238 223 255 261 356 422 238 202 177 269 246 273 258 236 355 316 254 251 376 262 371 259 259 258 424 268 474 224 432 362 271 301 261 266 329 397 346 388 255 262 203 275 368 192 348 364 266 258 384 274 344 269 299 261 274 258 304 344 260 288 276 279 265 370 289 346 325 264 276 256 263 230 257 196 261 262 285 394 407 334 386 230 399 279 275 166 280 329 353 340 270 345 262 179 340 382 251 267 260 274 268 375 180 253 272 247 369 343 255 300 267 285 373 159 397 240 373 261 287 252 375 133 262 450 218 387 290 346 310 310 268 256 169 272 276 397 263 296 297 204 253 260 169 219 331 265 334 260 273 378 364 188 375 316 219 223 
276 339 445 249 294 447 256 288 434 276 308 301 435 477 258 219 397 264 267 263 394 252 218 244 315 228 294 264 298 276 424 384 267 0 256 400 266 266 266 274 222 482 240 222 373 273 263 360 270 172 313 263 337 312 382 405 433 400 267 262 270 255 347 267 373 366 355 267 267 269 417 268 328 268 387 365 262 238 307 342 335 425 258 282 244 304 262 289 462 309 411 215 265 344 243 228 254 260 355 427 243 207 176 268 251 278 263 235 354 321 259 256 375 267 376 258 258 263 423 273 473 229 431 367 270 300 266 269 334 396 345 393 260 267 202 274 367 197 353 363 271 257 389 273 349 274 304 260 279 263 309 349 265 287 281 278 270 369 288 351 324 267 281 255 268 229 262 201 266 267 290 399 412 333 385 235 398 284 274 171 279 328 358 339 269 344 261 178 345 387 256 272 265 279 273 374 185 258 271 246 374 342 260 305 266 290 378 158 402 239 372 266 292 257 380 134 267 455 217 392 289 345 315 309 273 261 168 271 275 402 268 301 302 203 258 265 168 224 336 264 333 265 278 383 369 187 374 321 224 222 
266 329 435 237 282 435 244 278 424 266 298 291 423 465 248 207 385 254 255 253 382 240 208 234 303 216 282 254 288 266 414 374 257 256 0 390 256 256 256 264 210 470 230 210 363 261 253 348 260 160 303 253 325 300 370 393 421 390 257 250 260 243 337 257 361 356 343 257 257 259 407 258 316 258 377 353 252 226 297 330 325 415 246 272 234 294 252 279 450 297 401 203 253 332 233 218 242 248 343 417 233 197 164 256 241 268 253 223 342 311 249 246 363 257 366 246 246 253 411 263 461 219 419 357 258 288 256 259 324 384 333 383 250 257 190 262 357 187 343 351 261 247 379 261 339 264 294 248 269 253 299 339 255 275 271 266 260 357 276 341 312 257 271 243 258 217 252 191 256 257 280 389 402 321 373 225 386 274 262 161 267 316 348 327 257 332 249 166 335 377 246 262 255 269 263 362 175 248 259 234 364 330 250 295 254 280 368 146 392 227 360 256 282 247 370 124 257 445 205 382 277 333 305 297 263 251 156 259 263 392 258 291 292 191 248 255 156 214 326 252 321 255 268 373 359 175 362 311 214 210 
384 335 405 383 428 581 390 390 394 378 268 271 569 611 370 353 531 390 401 395 528 386 318 294 449 362 428 378 260 370 396 344 395 400 390 0 390 398 376 400 356 616 200 356 337 407 255 494 390 306 291 263 471 446 516 539 567 360 373 396 380 389 395 267 507 326 489 257 381 375 377 394 462 372 485 499 390 372 303 476 319 385 392 394 376 352 396 391 596 443 385 349 399 478 203 260 388 394 489 467 265 299 310 402 211 398 373 369 488 281 357 380 509 255 394 392 392 375 557 371 607 209 565 345 404 434 388 399 294 530 479 353 374 227 336 408 501 319 313 497 383 391 399 407 405 392 340 394 355 367 303 425 385 421 393 412 388 503 422 313 458 397 387 389 380 363 376 273 226 367 280 361 372 467 519 325 532 398 408 235 413 462 338 473 403 478 395 312 329 459 376 394 387 239 393 508 259 372 405 380 410 476 234 265 400 380 366 292 402 373 506 394 420 373 502 266 383 415 351 502 423 479 275 443 391 379 302 405 409 362 388 261 262 337 218 373 302 256 322 398 467 393 396 509 329 321 508 403 258 356 
266 329 435 249 294 447 256 278 424 266 298 291 435 477 248 219 397 256 267 261 394 252 208 234 315 228 294 254 288 266 414 374 261 266 256 390 0 264 256 266 222 482 230 222 363 273 253 360 260 172 303 253 337 312 382 405 433 390 257 262 260 255 337 257 373 356 355 257 257 259 407 260 328 258 377 365 256 238 297 342 325 415 258 272 242 294 262 279 462 309 401 215 265 344 233 218 254 260 355 417 233 197 176 268 241 268 253 235 354 311 249 246 375 257 366 258 258 253 423 263 473 219 431 357 270 300 256 265 324 396 345 383 250 257 202 274 367 187 343 363 261 257 379 273 339 264 294 260 269 253 299 339 255 287 271 278 260 369 288 341 324 263 271 255 258 229 252 191 256 257 280 389 402 333 385 225 398 274 274 161 279 328 348 339 269 344 261 178 335 377 246 262 255 269 263 374 175 248 271 246 364 342 250 295 266 280 368 158 392 239 372 260 286 247 370 132 257 445 217 382 289 345 305 309 263 251 168 271 275 392 258 291 292 203 248 255 168 214 326 264 333 259 268 375 359 187 374 311 214 222 
274 337 443 249 294 447 256 286 432 274 306 299 435 477 256 219 397 262 267 261 394 252 216 242 315 228 294 262 296 274 422 382 265 266 256 398 264 0 264 272 222 482 238 222 371 273 261 360 268 172 311 261 337 312 382 405 433 398 265 262 268 255 345 265 373 364 355 265 265 267 415 266 328 266 385 365 260 238 305 342 333 423 258 280 242 302 262 287 462 309 409 215 265 344 241 226 254 260 355 425 241 205 176 268 249 276 261 235 354 319 257 254 375 265 374 258 258 261 423 271 473 227 431 365 270 300 264 267 332 396 345 391 258 265 202 274 367 195 351 363 269 257 387 273 347 272 302 260 277 261 307 347 263 287 279 278 268 369 288 349 324 265 279 255 266 229 260 199 264 265 288 397 410 333 385 233 398 282 274 169 279 328 356 339 269 344 261 178 343 385 254 270 263 277 271 374 183 256 271 246 372 342 258 303 266 288 376 158 400 239 372 264 290 255 378 132 265 453 217 390 289 345 313 309 271 259 168 271 275 400 266 299 300 203 256 263 168 222 334 264 333 263 276 381 367 187 374 319 222 222 
252 315 421 249 294 447 256 264 410 252 284 277 435 477 236 219 397 256 267 261 394 252 194 220 315 228 294 244 274 252 400 360 261 266 256 376 256 264 0 266 222 482 216 222 349 273 239 360 256 172 289 239 337 312 382 405 433 376 243 262 246 255 323 243 373 342 355 243 247 245 393 260 328 244 363 365 256 238 283 342 311 401 258 260 242 280 262 265 462 309 387 215 265 344 219 204 254 260 355 403 219 183 176 268 227 264 239 235 354 297 235 246 375 243 352 258 258 241 423 249 473 205 431 343 270 300 254 265 310 396 345 369 240 243 202 274 367 185 329 363 249 257 365 273 325 258 280 260 255 239 285 325 251 287 259 278 254 369 288 327 324 263 257 255 246 229 242 177 242 243 266 375 388 333 385 211 398 264 274 147 279 328 334 339 269 344 261 178 321 363 242 260 253 255 259 374 161 238 271 246 350 342 236 281 266 266 354 158 378 239 372 260 286 239 368 132 249 431 217 368 289 345 291 309 257 245 168 271 275 378 254 277 278 203 234 241 168 200 312 264 333 259 262 375 345 187 374 297 200 222 
276 339 445 257 302 455 264 288 434 276 308 301 443 485 258 227 405 264 275 269 402 260 218 244 323 236 302 264 298 276 424 384 269 274 264 400 266 272 266 0 230 490 240 230 373 281 263 368 270 180 313 263 345 320 390 413 441 400 267 270 270 263 347 267 381 366 363 267 267 269 417 268 336 268 387 373 264 246 307 350 335 425 266 282 250 304 270 289 470 317 411 223 273 352 243 228 262 268 363 427 243 207 184 276 251 278 263 243 362 321 259 256 383 267 376 266 266 263 431 273 481 229 439 367 278 308 266 273 334 404 353 393 260 267 210 282 375 197 353 371 271 265 389 281 349 274 304 268 279 263 309 349 265 295 281 286 270 377 296 351 332 271 281 263 268 237 262 201 266 267 290 399 412 341 393 235 406 284 282 171 287 336 358 347 277 352 269 186 345 387 256 272 265 279 273 382 185 258 279 254 374 350 260 305 274 290 378 166 402 247 380 268 294 257 380 140 267 455 225 392 297 353 315 317 273 261 176 279 283 402 268 301 302 211 258 265 176 224 336 272 341 267 278 383 369 195 382 321 224 230 
